cpu,num_downloads,python_version,pip_version,glibc_version
x86_64,3645425,3.8,21.0,2.31
x86_64,1320399,3.7,20.2,2.26
x86_64,980704,3.7,23.0,2.26
x86_64,773217,3.7,20.2,2.28
x86_64,637796,3.8,23.0,2.31
x86_64,509019,3.9,21.2,2.31
x86_64,463456,3.9,22.0,2.31
x86_64,418449,3.6,20.1,2.28
x86_64,374719,3.7,20.0,2.27
x86_64,354082,3.6,21.3,2.17
x86_64,341940,3.10,23.0,2.35
x86_64,330369,3.7,9.0,2.27
x86_64,326277,3.7,23.0,2.31
x86_64,291186,3.9,23.0,2.31
x86_64,210252,3.6,9.0,2.17
x86_64,209344,2.7,9.0,2.17
x86_64,205998,3.8,22.0,2.31
x86_64,204226,3.7,21.3,2.26
x86_64,200802,3.7,22.0,2.31
x86_64,178554,3.6,20.3,2.17
x86_64,174200,3.7,23.0,2.27
aarch64,161255,3.7,20.2,2.26
x86_64,148485,3.7,9.0,2.26
x86_64,143654,3.7,21.3,2.28
x86_64,128592,3.7,23.0,2.28
x86_64,124545,3.8,20.0,2.31
x86_64,124463,3.10,23.0,2.31
x86_64,121131,3.8,23.0,2.35
x86_64,116094,3.10,22.3,2.31
x86_64,114714,2.7,9.0,2.27
x86_64,109165,3.7,21.3,2.31
x86_64,106684,3.7,22.3,2.31
x86_64,105610,3.8,23.0,2.27
x86_64,101940,3.6,21.0,2.27
x86_64,97668,3.8,22.0,2.27
x86_64,97205,3.9,23.0,2.35
x86_64,95474,3.7,21.0,2.28
x86_64,94542,3.6,21.3,2.27
x86_64,93920,3.8,22.1,2.31
x86_64,91467,3.8,23.0,2.28
x86_64,88512,3.9,22.1,2.26
x86_64,88233,3.6,21.2,2.31
x86_64,84358,3.8,22.2,2.31
x86_64,82386,3.8,20.2,2.31
x86_64,75817,3.9,23.0,2.28
x86_64,71512,3.8,21.2,2.31
x86_64,70172,3.6,19.2,2.27
x86_64,70138,3.10,22.3,2.35
x86_64,69265,3.8,22.3,2.28
x86_64,64040,3.7,22.2,2.31
x86_64,63280,3.8,22.3,2.31
x86_64,61278,3.6,9.0,2.27
x86_64,60330,3.6,21.3,2.28
x86_64,58600,3.7,22.0,2.28
x86_64,58306,3.8,22.0,2.28
x86_64,57827,3.5,20.3,2.23
x86_64,57791,3.7,21.2,2.31
x86_64,57430,3.6,20.2,2.28
x86_64,56836,3.10,22.0,2.35
x86_64,54334,3.7,19.2,2.28
x86_64,53536,3.9,22.2,2.31
x86_64,53417,3.8,20.2,2.27
x86_64,50423,3.6,21.3,2.31
x86_64,50262,3.7,19.0,2.23
x86_64,50156,3.7,23.0,2.35
aarch64,49557,3.8,21.0,2.31
x86_64,47725,3.7,20.1,2.27
x86_64,46663,3.8,22.3,2.26
x86_64,45658,3.7,21.1,2.27
aarch64,45122,3.7,23.0,2.28
x86_64,44488,3.6,20.2,2.27
x86_64,44275,3.6,20.2,2.17
x86_64,43059,3.9,20.3,2.31
x86_64,42952,3.11,23.0,2.35
x86_64,41902,3.7,19.3,2.28
x86_64,40864,3.7,20.0,2.28
x86_64,39557,3.8,21.1,2.31
x86_64,39509,3.8,21.3,2.28
x86_64,39400,3.8,20.2,2.28
x86_64,37576,3.7,22.0,2.26
x86_64,37259,2.7,20.3,2.27
x86_64,36404,3.7,21.2,2.27
x86_64,36258,3.7,21.3,2.17
x86_64,36221,3.7,21.1,2.26
x86_64,33306,3.7,20.2,2.27
aarch64,33006,3.7,23.0,2.26
x86_64,32757,3.8,21.0,2.28
x86_64,32173,2.7,20.0,2.17
x86_64,31591,3.7,21.2,2.28
x86_64,31097,2.7,20.2,2.26
x86_64,30835,3.8,20.1,2.28
aarch64,30734,3.9,21.2,2.31
x86_64,30693,3.9,22.3,2.31
x86_64,30256,3.11,23.0,2.31
x86_64,30244,3.6,21.2,2.28
x86_64,29505,2.7,20.3,2.23
x86_64,29476,3.8,21.2,2.28
x86_64,29461,3.11,22.3,2.31
x86_64,29263,3.7,20.0,2.26
x86_64,28516,3.7,21.3,2.27
x86_64,27806,3.9,21.1,2.28
x86_64,26504,3.9,22.2,2.28
x86_64,26403,3.8,21.1,2.26
x86_64,26035,3.8,21.1,2.28
x86_64,25955,3.7,22.3,2.26
x86_64,25054,3.7,19.0,2.27
x86_64,24809,3.8,23.0,2.26
x86_64,24676,3.7,22.3,2.27
x86_64,24030,3.5,9.0,2.19
x86_64,23418,2.7,20.3,2.17
x86_64,23345,3.8,22.2,2.26
x86_64,23110,3.8,21.0,2.26
x86_64,22209,2.7,20.3,2.28
x86_64,21827,3.8,21.3,2.31
x86_64,21372,2.7,20.3,2.31
x86_64,20586,3.10,22.3,2.26
x86_64,20053,3.8,20.3,2.28
x86_64,19902,3.8,21.3,2.27
x86_64,18364,3.7,23.0,2.17
x86_64,18105,3.9,22.1,2.31
x86_64,17564,3.7,20.3,2.28
x86_64,17500,3.9,22.0,2.28
x86_64,17127,2.7,9.0,2.24
x86_64,16939,3.8,22.3,2.27
x86_64,16490,3.9,23.0,2.27
x86_64,15774,3.6,19.3,2.23
x86_64,15691,3.7,22.3,2.28
x86_64,15608,3.8,20.1,2.31
x86_64,15380,3.10,22.2,2.31
x86_64,15359,3.8,23.0,2.17
x86_64,14885,3.6,19.0,2.28
x86_64,14736,3.6,21.3,2.24
x86_64,14621,3.7,20.1,2.28
x86_64,14599,3.5,20.1,2.23
x86_64,13789,3.8,22.0,2.26
x86_64,13679,3.9,21.2,2.28
x86_64,13533,3.9,23.0,2.17
x86_64,13489,3.7,18.1,2.28
x86_64,13481,3.7,19.2,2.24
x86_64,13109,3.6,19.3,2.17
x86_64,12965,3.8,20.3,2.31
x86_64,12919,3.8,21.2,2.27
x86_64,12597,3.10,23.0,2.28
x86_64,12277,3.7,21.0,2.27
x86_64,12274,2.7,20.0,2.28
x86_64,11956,2.7,19.3,2.17
x86_64,11782,3.7,21.1,2.28
x86_64,11184,2.7,9.0,2.26
x86_64,11137,3.7,20.1,2.26
x86_64,11031,3.7,18.1,2.24
x86_64,10415,3.6,21.2,2.27
x86_64,10253,3.9,21.2,2.17
x86_64,10076,3.7,22.2,2.27
x86_64,10074,3.6,20.2,2.23
x86_64,10074,3.7,22.1,2.31
x86_64,10003,3.6,21.3,2.23
x86_64,9966,3.7,19.3,2.27
x86_64,9926,3.6,21.1,2.28
x86_64,9684,3.7,19.2,2.26
x86_64,9683,3.7,20.3,2.27
x86_64,9656,3.6,21.1,2.27
x86_64,9519,3.6,20.0,2.17
x86_64,9516,3.7,20.1,2.24
x86_64,9158,3.6,21.3,2.26
x86_64,9148,3.7,21.0,2.26
x86_64,9098,3.9,22.0,2.26
x86_64,9066,3.7,21.2,2.26
x86_64,8985,3.9,23.0,2.26
x86_64,8709,3.9,23.0,2.34
aarch64,8690,3.8,20.0,2.31
x86_64,8502,3.7,22.3,2.24
x86_64,8136,3.9,20.1,2.28
x86_64,8059,3.5,9.0,2.17
x86_64,8042,3.8,22.1,2.28
x86_64,8037,3.9,22.3,2.28
x86_64,7844,3.6,18.1,2.17
x86_64,7821,2.7,19.0,2.23
x86_64,7751,3.10,23.0,2.37
x86_64,7645,3.6,21.0,2.23
x86_64,7487,3.7,22.1,2.17
x86_64,7286,3.7,21.2,2.23
x86_64,7276,3.8,22.3,2.24
x86_64,7160,3.10,22.2,2.28
x86_64,7075,3.7,23.0,2.24
x86_64,6842,3.9,22.2,2.27
aarch64,6746,3.9,23.0,2.31
x86_64,6743,3.6,19.3,2.27
x86_64,6716,3.10,22.3,2.28
x86_64,6709,3.6,9.0,2.28
x86_64,6634,3.6,21.1,2.17
x86_64,6587,3.8,22.1,2.35
x86_64,6399,3.9,22.3,2.34
x86_64,6301,3.6,9.0,2.12
x86_64,6287,3.7,20.3,2.26
x86_64,6253,3.10,23.0,2.26
x86_64,6243,3.7,22.3,2.17
x86_64,6186,3.7,20.0,2.31
x86_64,6119,2.7,8.1,2.2
x86_64,6060,3.7,19.3,2.23
x86_64,6059,2.7,20.0,2.24
x86_64,6059,3.5,19.1,2.23
x86_64,5941,2.7,18.1,2.28
x86_64,5816,3.8,20.0,2.27
aarch64,5627,3.6,20.3,2.17
x86_64,5576,2.7,20.3,2.26
x86_64,5552,3.10,22.3,2.27
x86_64,5517,3.7,20.1,2.23
x86_64,5354,3.11,23.0,2.36
x86_64,5219,3.10,22.0,2.31
x86_64,5198,3.9,22.3,2.35
x86_64,5106,3.8,20.3,2.27
x86_64,5102,3.9,22.0,2.35
x86_64,5100,3.8,22.2,2.27
x86_64,5032,3.8,22.1,2.27
x86_64,5011,3.5,9.0,2.24
x86_64,4950,3.6,20.1,2.27
x86_64,4932,3.7,23.0,2.23
x86_64,4846,3.6,18.1,2.23
x86_64,4657,2.7,9.0,2.19
x86_64,4655,3.10,21.2,2.31
x86_64,4642,3.8,21.1,2.27
x86_64,4492,3.9,22.1,2.27
x86_64,4448,3.7,22.0,2.17
x86_64,4414,3.10,22.2,2.35
x86_64,4409,3.6,21.2,2.17
x86_64,4387,3.9,21.0,2.28
x86_64,4368,3.9,22.0,2.27
x86_64,4360,3.6,21.0,2.28
x86_64,4339,3.6,20.0,2.27
aarch64,4233,3.7,23.0,2.31
x86_64,4115,3.6,20.1,2.24
x86_64,4107,3.6,18.1,2.31
x86_64,4096,3.7,19.0,2.28
x86_64,4083,3.10,22.2,2.36
x86_64,4081,2.7,19.1,2.23
x86_64,4042,2.7,20.3,2.24
x86_64,3984,3.8,22.2,2.28
x86_64,3914,3.7,22.2,2.28
x86_64,3890,3.9,21.1,2.31
x86_64,3855,3.7,22.1,2.28
x86_64,3845,3.7,22.3,2.23
aarch64,3747,3.9,22.0,2.26
x86_64,3716,3.6,21.2,2.26
x86_64,3711,3.10,23.0,2.27
x86_64,3686,3.10,23.0,2.36
x86_64,3677,3.9,21.3,2.27
x86_64,3667,3.8,20.3,2.26
x86_64,3656,3.9,20.2,2.31
x86_64,3650,3.7,20.1,2.17
x86_64,3608,3.5,20.2,2.24
aarch64,3601,3.8,23.0,2.31
x86_64,3571,3.6,20.0,2.28
x86_64,3562,3.8,20.0,2.28
x86_64,3560,3.8,23.0,2.23
x86_64,3553,3.6,21.1,2.23
x86_64,3531,2.7,19.1,2.19
x86_64,3463,3.7,19.3,2.31
x86_64,3444,3.6,18.1,2.24
x86_64,3429,3.9,20.0,2.31
x86_64,3428,2.7,20.1,2.23
x86_64,3403,3.6,20.3,2.31
x86_64,3356,2.7,20.1,2.24
x86_64,3347,3.8,22.1,2.26
x86_64,3329,3.8,22.3,2.35
x86_64,3315,3.7,23.0,2.36
x86_64,3246,3.7,20.0,2.23
x86_64,3201,3.7,21.1,2.31
x86_64,3162,3.10,22.3,2.37
x86_64,3126,3.7,22.0,2.27
x86_64,3096,3.7,22.3,2.35
x86_64,3093,2.7,20.0,2.27
x86_64,3084,3.8,22.0,2.35
x86_64,3053,3.7,20.3,2.31
x86_64,3000,3.7,19.2,2.22
x86_64,2883,3.7,22.1,2.27
x86_64,2878,3.11,22.3,2.28
x86_64,2846,3.9,21.2,2.26
x86_64,2826,3.6,19.2,2.26
x86_64,2796,2.7,9.0,2.23
x86_64,2786,3.9,21.3,2.31
x86_64,2739,3.8,19.3,2.28
x86_64,2711,3.11,21.2,2.31
aarch64,2696,3.10,22.3,2.31
x86_64,2686,3.9,22.3,2.26
x86_64,2673,3.11,22.3,2.35
x86_64,2662,2.7,19.0,2.27
x86_64,2639,3.6,19.3,2.28
x86_64,2635,3.7,22.2,2.26
x86_64,2604,3.9,21.2,2.24
x86_64,2558,2.7,19.0,2.17
x86_64,2512,3.6,21.3,2.29
aarch64,2483,3.9,22.0,2.31
x86_64,2478,3.8,22.2,2.17
x86_64,2470,3.5,20.1,2.27
x86_64,2419,3.7,21.2,2.24
x86_64,2411,3.6,20.3,2.27
x86_64,2399,3.6,21.2,2.24
x86_64,2393,3.9,22.3,2.17
x86_64,2303,3.9,21.2,2.27
x86_64,2293,3.10,21.3,2.31
x86_64,2290,3.6,18.1,2.28
x86_64,2281,3.7,22.1,2.26
x86_64,2278,3.6,21.1,2.26
x86_64,2277,3.6,20.0,2.23
x86_64,2213,3.8,20.2,2.32
x86_64,2178,2.7,19.3,2.27
x86_64,2174,3.6,20.1,2.17
x86_64,2138,3.8,21.1,2.35
x86_64,2125,3.9,22.1,2.35
x86_64,2125,3.10,22.2,2.34
x86_64,2113,3.9,22.1,2.28
x86_64,2069,3.8,21.0,2.27
x86_64,2068,3.7,19.0,2.17
x86_64,2067,3.7,21.0,2.31
x86_64,2045,3.8,21.2,2.26
x86_64,2020,3.9,21.0,2.31
x86_64,1996,2.7,19.2,2.17
aarch64,1984,3.9,22.3,2.26
x86_64,1980,3.7,20.0,2.17
x86_64,1977,3.6,19.1,2.27
x86_64,1950,3.8,21.3,2.26
x86_64,1938,3.11,22.2,2.36
x86_64,1932,3.7,23.0,2.19
x86_64,1917,3.6,19.0,2.24
x86_64,1871,3.6,19.3,2.31
x86_64,1861,3.9,23.0,2.36
x86_64,1820,3.7,20.2,2.23
x86_64,1820,3.11,23.0,2.28
x86_64,1784,3.6,21.1,2.24
aarch64,1744,3.7,22.0,2.26
aarch64,1720,3.9,20.3,2.31
x86_64,1667,3.5,20.3,2.27
x86_64,1652,3.7,20.0,2.24
x86_64,1649,3.7,22.0,2.35
x86_64,1625,3.5,20.3,2.28
aarch64,1602,3.8,22.0,2.31
x86_64,1578,3.10,22.3,2.36
x86_64,1569,3.6,20.2,2.31
x86_64,1567,2.7,20.3,2.35
x86_64,1551,3.5,9.0,2.23
x86_64,1548,3.9,21.1,2.26
x86_64,1529,3.7,20.2,2.31
x86_64,1522,2.7,19.2,2.24
aarch64,1517,3.10,23.0,2.31
aarch64,1501,3.10,23.0,2.35
aarch64,1456,3.8,23.0,2.26
x86_64,1438,3.9,21.2,2.34
x86_64,1414,3.6,20.0,2.24
x86_64,1409,3.8,23.0,2.36
x86_64,1408,3.7,22.3,2.29
x86_64,1382,3.7,19.0,2.26
x86_64,1350,3.8,22.2,2.35
x86_64,1334,3.8,22.3,2.17
x86_64,1316,3.9,22.3,2.27
x86_64,1302,3.7,20.1,2.31
x86_64,1294,3.5,20.3,2.24
x86_64,1287,3.6,9.0,2.31
x86_64,1273,3.7,19.1,2.23
x86_64,1267,3.8,21.2,2.33
x86_64,1253,3.9,21.0,2.17
x86_64,1252,3.7,23.0,2.22
x86_64,1243,3.9,22.2,2.35
x86_64,1238,3.8,22.3,2.23
aarch64,1235,3.11,22.3,2.31
aarch64,1230,3.11,23.0,2.31
x86_64,1222,3.6,9.0,2.19
x86_64,1206,3.6,21.2,2.23
x86_64,1195,3.8,23.0,2.24
aarch64,1158,3.7,20.3,2.26
x86_64,1156,3.7,21.1,2.17
x86_64,1154,3.8,21.2,2.35
x86_64,1149,3.5,8.1,2.9
x86_64,1137,3.8,21.3,2.35
x86_64,1119,3.8,22.0,2.17
aarch64,1100,3.8,20.1,2.26
x86_64,1100,3.6,20.1,2.23
x86_64,1094,3.9,21.3,2.34
x86_64,1085,3.10,21.3,2.35
x86_64,1082,3.9,20.2,2.28
x86_64,1067,3.7,19.3,2.24
x86_64,1060,3.7,21.1,2.24
x86_64,1056,3.6,20.0,2.31
x86_64,1051,3.8,20.1,2.27
x86_64,1043,3.7,21.0,2.24
x86_64,1027,2.7,20.1,2.31
x86_64,1025,3.6,19.0,2.17
x86_64,1023,3.8,9.0,2.31
x86_64,1020,3.10,21.2,2.34
x86_64,1017,3.7,19.1,2.28
x86_64,1009,3.6,10.0,2.17
x86_64,1009,3.5,8.1,2.2
x86_64,1000,3.5,18.1,2.23
aarch64,997,3.9,23.0,2.35
x86_64,992,3.10,23.0,2.17
x86_64,992,3.10,22.0,2.28
x86_64,979,2.7,18.1,2.17
x86_64,977,3.8,19.3,2.31
x86_64,975,3.6,21.3,2.19
x86_64,974,3.7,22.2,2.17
x86_64,972,2.7,20.3,2.12
x86_64,964,3.7,22.2,2.30
x86_64,936,2.7,19.1,2.17
aarch64,932,3.10,22.0,2.35
aarch64,915,3.8,22.0,2.26
x86_64,915,3.8,20.3,2.35
x86_64,905,3.10,22.1,2.35
x86_64,905,3.7,19.2,2.27
x86_64,891,3.7,19.1,2.24
x86_64,888,3.10,21.0,2.28
aarch64,876,3.6,21.3,2.27
x86_64,875,3.7,10.0,2.27
x86_64,863,3.9,22.0,2.23
x86_64,847,3.9,21.3,2.17
x86_64,836,3.11,23.0,2.27
x86_64,833,2.7,19.2,2.31
x86_64,827,2.7,10.0,2.17
x86_64,826,3.6,19.2,2.28
x86_64,824,3.6,19.3,2.24
x86_64,822,3.5,20.2,2.23
x86_64,819,3.6,19.2,2.24
x86_64,807,2.7,20.3,2.19
x86_64,801,3.9,23.0,2.23
x86_64,797,2.7,8.1,2.7
aarch64,790,3.8,21.3,2.26
x86_64,781,3.9,22.0,2.17
x86_64,778,2.7,20.1,2.27
aarch64,770,3.9,22.3,2.17
aarch64,748,3.7,22.3,2.31
x86_64,747,2.7,9.0,2.28
x86_64,746,3.4,19.1,2.17
x86_64,746,3.6,20.2,2.24
x86_64,744,3.9,22.0,2.34
x86_64,742,3.11,20.3,2.31
x86_64,741,3.8,21.1,2.34
x86_64,736,3.10,22.1,2.28
x86_64,733,3.8,21.1,2.17
x86_64,730,3.9,21.2,2.35
i686,719,3.7,23.0,2.28
x86_64,715,3.9,20.2,2.27
x86_64,712,3.9,20.2,2.24
x86_64,712,3.7,23.0,2.34
x86_64,710,3.6,19.1,2.17
x86_64,706,3.9,20.3,2.28
x86_64,701,3.9,21.1,2.27
x86_64,700,2.7,19.3,2.31
x86_64,697,3.11,23.0,2.37
x86_64,691,3.9,20.2,2.26
x86_64,690,2.7,20.0,2.31
x86_64,688,3.6,21.2,2.35
x86_64,685,3.6,20.0,2.26
x86_64,676,3.7,19.2,2.17
x86_64,676,2.7,18.0,2.27
x86_64,663,3.7,18.1,2.31
x86_64,656,3.7,21.1,2.35
x86_64,654,3.10,21.2,2.35
aarch64,650,3.8,23.0,2.28
x86_64,649,3.7,10.0,2.24
x86_64,643,3.8,19.3,2.17
x86_64,641,3.11,21.3,2.31
x86_64,634,3.8,9.0,2.17
x86_64,633,3.9,22.2,2.26
x86_64,632,2.7,20.3,2.36
x86_64,625,3.6,19.0,2.27
x86_64,619,3.7,19.1,2.17
aarch64,614,3.10,23.0,2.28
x86_64,611,3.9,21.3,2.28
x86_64,607,3.5,20.2,2.28
x86_64,607,3.7,21.1,2.23
x86_64,601,3.8,21.2,2.17
x86_64,600,3.6,20.3,2.28
x86_64,580,3.9,21.0,2.27
aarch64,572,3.7,20.1,2.26
x86_64,568,3.6,9.0,2.23
aarch64,564,3.6,21.3,2.17
x86_64,559,3.8,19.2,2.27
x86_64,553,3.6,19.1,2.24
x86_64,548,3.10,22.1,2.31
x86_64,548,3.10,21.2,2.28
x86_64,546,3.8,23.0,2.19
x86_64,543,3.8,23.0,2.33
x86_64,533,3.8,22.1,2.17
x86_64,528,3.8,20.1,2.35
x86_64,517,3.9,23.0,2.33
aarch64,517,3.8,22.3,2.26
x86_64,516,3.5,20.3,2.31
aarch64,509,3.7,22.3,2.17
x86_64,507,3.8,23.0,2.37
x86_64,500,3.6,21.0,2.17
x86_64,489,3.9,21.1,2.23
aarch64,486,3.8,22.2,2.26
x86_64,484,3.9,22.2,2.34
x86_64,480,3.6,21.3,2.12
x86_64,479,3.10,22.3,2.34
x86_64,474,2.7,18.0,2.17
x86_64,471,2.7,19.3,2.24
aarch64,469,3.9,23.0,2.28
x86_64,469,3.7,21.0,2.32
x86_64,466,3.9,22.2,2.17
aarch64,454,3.9,22.0,2.28
x86_64,448,3.7,20.2,2.17
x86_64,439,3.8,22.0,2.24
x86_64,436,3.6,20.2b1,2.23
x86_64,429,3.11,22.3,2.36
x86_64,429,3.7,10.0,2.28
x86_64,424,3.9,20.1,2.31
x86_64,421,3.5,20.3,2.19
x86_64,417,3.9,20.3,2.27
aarch64,407,3.8,22.3,2.17
x86_64,406,3.10,22.2,2.27
x86_64,404,3.4,9.0,2.17
x86_64,404,3.6,21.3,2.22
x86_64,402,3.9,22.3,2.37
aarch64,398,3.7,22.0,2.31
aarch64,390,3.8,21.2,2.27
x86_64,381,2.7,18.0,2.23
aarch64,375,3.9,23.0,2.26
x86_64,374,3.7,19.0,2.24
x86_64,374,3.10,23.0,2.34
x86_64,372,3.6,10.0,2.19
x86_64,364,2.7,20.2,2.17
x86_64,364,3.10,21.3,2.27
aarch64,362,3.6,21.3,2.28
x86_64,362,3.10,22.1,2.34
x86_64,362,3.6,21.3,2.35
x86_64,357,3.9,23.0,2.37
x86_64,356,2.7,19.2,2.27
x86_64,356,3.8,9.0,2.27
x86_64,347,3.7,9.0,2.31
x86_64,344,3.7,21.3,2.23
x86_64,342,3.6,18.1,2.26
x86_64,341,2.7,20.2,2.24
x86_64,337,3.9,9.0,2.31
x86_64,337,3.8,23.0,2.34
x86_64,335,3.6,20.1,2.31
x86_64,334,3.8,20.1,2.26
x86_64,328,3.8,20.2,2.17
x86_64,327,3.5,19.2,2.23
x86_64,325,3.9,19.3,2.31
aarch64,323,3.8,23.0,2.27
x86_64,322,3.9,21.3,2.26
x86_64,318,2.7,20.2,2.27
x86_64,318,3.6,19.0,2.19
aarch64,315,3.8,21.0,2.26
x86_64,313,3.9,21.0,2.34
x86_64,313,3.6,9.0,2.22
x86_64,310,3.9,21.1,2.17
x86_64,307,2.7,19.3,2.26
aarch64,307,3.8,22.0,2.28
x86_64,307,3.8,20.2,2.35
aarch64,303,3.10,22.3,2.28
aarch64,302,3.6,21.2,2.27
x86_64,300,3.6,19.1,2.19
x86_64,296,2.7,20.2,2.23
x86_64,295,3.7,19.1,2.26
x86_64,295,3.7,20.2,2.24
x86_64,292,3.6,19.1,2.28
x86_64,290,2.7,9.0,2.12
x86_64,289,3.8,23.0,2.12
x86_64,289,3.10,23.1,2.35
x86_64,288,3.6,21.0,2.12
x86_64,288,3.8,20.1,2.17
x86_64,287,2.7,20.2,2.28
x86_64,287,3.8,21.0,2.17
x86_64,284,3.8,19.2,2.31
x86_64,280,3.7,9.0,2.28
x86_64,277,2.7,19.1,2.27
x86_64,272,3.9,20.3,2.35
x86_64,272,3.5,19.1,2.24
x86_64,271,3.6,10.0,2.23
x86_64,268,3.6,18.1,2.27
x86_64,268,3.9,21.3,2.35
aarch64,261,3.7,23.0,2.27
x86_64,260,2.7,18.1,2.23
x86_64,253,3.7,19.3,2.17
aarch64,253,3.11,23.0,2.36
x86_64,253,3.11,23.0,2.17
x86_64,249,3.6,10.0,2.26
x86_64,246,3.10,21.1,2.35
x86_64,243,3.8,22.0,2.36
x86_64,240,3.7,20.2,2.35
x86_64,240,3.8,20.1,2.23
x86_64,240,3.11,22.0,2.35
x86_64,240,3.8,22.0,2.29
x86_64,234,3.10,22.3,2.17
x86_64,233,3.7,22.3,2.36
x86_64,227,3.6,10.0,2.24
x86_64,222,3.7,22.0,2.23
x86_64,220,3.7,19.1,2.27
x86_64,219,3.10,23.0,2.23
x86_64,217,3.10,23.0,2.32
x86_64,216,3.8,21.1,2.32
x86_64,215,3.9,21.2,2.23
aarch64,214,3.9,22.3,2.31
x86_64,213,3.7,21.0,2.23
x86_64,212,3.9,22.3,2.24
x86_64,212,3.7,22.3,2.30
x86_64,208,3.9,22.0,2.36
x86_64,207,3.8,22.3,2.19
x86_64,207,3.7,20.2b1,2.23
x86_64,205,3.9,22.2,2.36
x86_64,205,3.9,23.0,2.24
x86_64,203,3.6,21.3,2.34
x86_64,199,3.5,10.0,2.23
x86_64,195,3.11,22.3,2.27
aarch64,195,3.11,22.3,2.28
x86_64,193,3.11,22.3,2.34
x86_64,193,3.8,21.0,2.12
x86_64,192,3.7,21.0,2.12
x86_64,192,3.9,21.0,2.12
x86_64,188,3.7,22.0,2.24
x86_64,187,3.10,22.2,2.17
x86_64,181,3.7,22.2,2.23
aarch64,180,3.8,20.2,2.31
x86_64,180,3.6,18.0,2.24
x86_64,180,3.7,18.1,2.27
x86_64,179,3.9,22.1,2.17
x86_64,177,3.6,10.0,2.28
aarch64,177,3.10,22.2,2.31
x86_64,175,3.9,21.0,2.35
x86_64,174,3.10,22.0,2.26
x86_64,172,3.8,22.0,2.34
x86_64,171,3.5,20.0,2.28
x86_64,168,3.6,18.0,2.23
x86_64,168,3.5,19.3,2.23
x86_64,166,3.6,19.2,2.23
x86_64,163,3.7,19.0,2.19
x86_64,163,2.7,20.1,2.17
aarch64,161,3.8,23.0,2.35
x86_64,160,3.7,20.3,2.23
x86_64,160,3.7,21.0,2.17
x86_64,159,3.8,20.2,2.24
x86_64,155,3.9,21.0,2.26
x86_64,153,2.7,9.0,2.31
aarch64,152,3.6,21.3,2.31
x86_64,152,2.7,19.3,2.28
x86_64,151,3.9,20.2,2.35
x86_64,151,3.10,20.3,2.35
x86_64,151,3.8,23.0,2.22
x86_64,151,3.6,9.0,2.34
x86_64,149,3.5,20.1,2.28
x86_64,148,3.8,21.0,2.24
x86_64,146,3.11,23.1,2.35
x86_64,146,3.4,8.1,2.3
aarch64,146,3.6,21.2,2.31
x86_64,144,3.4,19.1,2.23
x86_64,144,3.9,23.1,2.35
x86_64,144,3.8,23.1,2.35
x86_64,142,2.7,20.2b1,2.23
x86_64,141,3.10,22.1,2.27
x86_64,140,3.10,20.3,2.31
aarch64,138,3.11,23.0,2.28
x86_64,137,2.7,19.2,2.28
x86_64,137,3.7,21.3,2.35
aarch64,136,3.8,21.1,2.31
x86_64,135,3.8,19.2,2.17
x86_64,135,3.7,22.2,2.24
x86_64,134,3.9,20.1,2.27
x86_64,133,3.11,23.0,2.34
x86_64,133,3.8,20.0,2.23
x86_64,132,3.9,21.0,2.33
aarch64,130,3.8,20.3,2.31
x86_64,129,3.7,22.1,2.23
x86_64,129,3.5,19.3,2.24
x86_64,128,3.7,21.2,2.35
x86_64,128,3.11,22.3,2.37
x86_64,126,3.7,19.3,2.26
x86_64,126,3.7,21.3,2.24
x86_64,125,3.7,22.2,2.35
x86_64,124,3.11,21.2,2.35
x86_64,124,2.7,20.1,2.28
x86_64,124,3.7,20.3,2.17
aarch64,123,3.9,21.1,2.31
x86_64,123,2.7,19.3,2.35
x86_64,122,3.8,18.0,2.31
x86_64,120,3.7,18.1,2.19
x86_64,118,3.6,21.0,2.31
x86_64,116,2.7,10.0,2.23
x86_64,116,3.6,20.2,2.35
x86_64,115,3.5,20.0,2.24
x86_64,113,3.10,23.0,2.24
x86_64,112,3.8,22.1,2.23
aarch64,111,3.11,23.0,2.35
x86_64,111,3.8,20.1,2.32
x86_64,110,3.8,21.3,2.24
x86_64,110,3.8,20.2,2.23
x86_64,110,3.5,18.1,2.27
x86_64,108,3.7,20.3,2.12
x86_64,107,3.7,19.1,2.31
x86_64,107,3.9,20.2,2.17
x86_64,106,3.6,9.0,2.26
x86_64,105,3.8,20.0,2.26
x86_64,105,3.6,19.1,2.35
x86_64,104,3.9,21.1,2.34
x86_64,104,2.7,20.1,2.35
x86_64,103,3.6,19.2,2.31
aarch64,103,3.8,21.2,2.26
x86_64,102,3.9,23.0,2.32
x86_64,102,2.7,20.3,2.22
x86_64,101,3.8,21.0,2.35
x86_64,100,2.7,19.3,2.23
x86_64,100,2.7,19.0,2.24
x86_64,100,3.6,20.3,2.22
aarch64,100,3.7,23.0,2.35
x86_64,99,3.6,10.0,2.31
x86_64,97,3.7,20.3,2.24
x86_64,96,3.8,22.3,2.34
aarch64,95,3.8,20.3,2.28
x86_64,95,3.6,19.3,2.35
aarch64,94,3.7,23.0,2.24
x86_64,94,3.5,20.0,2.31
aarch64,93,3.8,22.3,2.31
x86_64,90,3.7,9.0,2.35
x86_64,90,2.7,19.2,2.26
x86_64,90,3.9,20.2,2.23
x86_64,90,3.6,19.2,2.17
x86_64,89,3.8,20.2,2.26
x86_64,88,3.8,21.1,2.23
x86_64,88,3.7,22.0,2.36
x86_64,87,3.8,22.0,2.23
x86_64,87,3.11,22.0,2.31
x86_64,87,3.8,19.2,2.28
x86_64,86,3.11,22.2,2.31
x86_64,85,3.8,22.3,2.12
x86_64,85,3.10,22.0,2.27
aarch64,84,3.7,22.1,2.27
x86_64,84,3.7,23.0,2.30
x86_64,83,2.7,10.0,2.19
aarch64,83,3.7,22.3,2.26
x86_64,83,3.12,23.0,2.35
x86_64,81,3.10,22.2,2.37
x86_64,80,3.8,20.2,2.34
x86_64,78,3.8,19.3,2.27
x86_64,77,3.6,20.2,2.22
x86_64,77,3.6,20.0,2.35
aarch64,76,3.7,22.0,2.28
x86_64,76,3.9,23.0,2.19
aarch64,76,3.9,22.1,2.26
aarch64,76,3.10,23.0,2.36
x86_64,75,2.7,20.2b1,2.17
x86_64,74,3.7,19.2,2.31
aarch64,74,3.9,21.2,2.28
aarch64,74,3.10,22.3,2.35
x86_64,73,3.9,22.1,2.34
x86_64,73,3.8,20.3,2.37
x86_64,72,3.8,20.2,2.33
x86_64,72,3.7,22.1,2.24
x86_64,71,3.8,21.3,2.32
aarch64,71,3.9,21.1,2.26
x86_64,71,3.9,20.3,2.26
aarch64,71,3.8,21.2,2.31
x86_64,70,3.8,20.3,2.36
x86_64,69,3.6,9.0,2.24
aarch64,69,3.10,22.2,2.36
x86_64,69,3.8,19.2,2.26
aarch64,69,3.8,19.3,2.28
x86_64,68,3.5,10.0,2.31
x86_64,68,3.5,19.2,2.28
x86_64,66,3.5,20.0,2.23
x86_64,65,3.10,22.0,2.34
x86_64,65,3.7,18.1,2.17
x86_64,64,3.7,22.3,2.18
x86_64,64,3.8,22.2,2.24
aarch64,64,3.6,19.3,2.28
x86_64,64,3.9,22.0,2.32
x86_64,63,3.8,21.1,2.24
x86_64,63,3.9,21.2,2.36
x86_64,62,3.7,23.0,2.12
x86_64,61,3.8,22.2,2.33
x86_64,61,3.7,22.3,2.37
x86_64,61,3.8,19.2,2.24
x86_64,60,3.8,21.3,2.17
x86_64,60,3.7,20.1,2.35
x86_64,59,3.8,21.3,2.23
aarch64,59,3.9,23.0,2.34
x86_64,58,3.9,21.1,2.35
x86_64,58,3.8,22.2,2.36
x86_64,58,3.7,21.2,2.17
x86_64,58,2.7,19.2,2.35
x86_64,58,3.8,19.3,2.35
aarch64,58,3.8,20.1,2.28
x86_64,57,3.9,22.3,2.36
aarch64,57,3.8,20.1,2.31
x86_64,56,3.6,21.0,2.24
x86_64,56,3.9,23.0,2.22
x86_64,56,3.9,21.2,2.33
aarch64,56,3.8,22.0,2.27
x86_64,56,3.9,20.2,2.32
x86_64,55,3.7,19.1,2.30
x86_64,55,3.5,9.0,2.28
x86_64,55,3.10,22.1,2.17
x86_64,55,3.5,20.3,2.17
x86_64,55,3.8,22.3,2.36
x86_64,54,3.10,22.2,2.22
x86_64,54,3.6,19.1,2.23
x86_64,54,3.9,22.2,2.23
aarch64,53,3.8,21.1,2.28
x86_64,53,3.6,21.3,2.36
x86_64,52,2.7,9.0,2.35
x86_64,51,3.10,20.0,2.35
x86_64,51,3.9,20.3,2.34
x86_64,51,3.6,19.0,2.23
x86_64,51,3.6,20.3,2.19
x86_64,50,3.10,21.0,2.34
x86_64,50,3.10,21.3,2.28
x86_64,50,3.9,23.0,2.29
x86_64,49,3.6,8.1,2.9
x86_64,48,3.8,22.0,2.37
x86_64,48,3.11,22.2,2.17
x86_64,48,3.7,10.0,2.31
aarch64,48,3.9,23.0,2.27
x86_64,48,3.9,22.3,2.33
x86_64,48,3.6,21.1,2.31
x86_64,47,3.9,21.0,2.22
aarch64,47,3.8,23.0,2.17
aarch64,47,3.10,23.0,2.27
x86_64,46,2.7,20.3,2.29
x86_64,46,3.9,22.0,2.37
x86_64,46,3.8,20.0,2.32
x86_64,45,3.5,18.0,2.24
x86_64,45,3.10,21.2,2.27
x86_64,45,2.7,20.3,2.37
x86_64,45,3.5,9.0,2.27
x86_64,45,3.7,20.0,2.35
x86_64,45,3.9,22.3,2.23
x86_64,45,3.8,20.3,2.17
x86_64,44,3.10,23.0,2.33
x86_64,44,3.5,19.0,2.23
x86_64,44,2.7,20.0,2.23
x86_64,44,3.5,18.0,2.23
x86_64,44,3.6,10.0,2.27
x86_64,44,3.10,22.0,2.37
x86_64,44,3.7,10.0,2.17
x86_64,43,3.7,22.1,2.35
x86_64,43,3.10,21.2,2.26
x86_64,43,3.8,20.2,2.12
x86_64,43,3.11,23.0,2.24
aarch64,42,3.8,22.3,2.23
x86_64,42,3.9,20.3,2.33
aarch64,42,3.10,23.0,2.32
x86_64,42,3.9,20.1,2.34
x86_64,41,3.8,21.0,2.23
x86_64,41,3.8,18.1,2.28
aarch64,41,3.7,22.3,2.28
x86_64,41,3.7,18.1,2.26
x86_64,41,3.10,21.0,2.26
x86_64,41,3.11,20.3,2.35
aarch64,41,3.7,21.3,2.26
x86_64,41,3.8,21.1,2.33
x86_64,41,3.7,23.0,2.37
x86_64,40,3.6,21.2,2.37
x86_64,40,3.7,19.3,2.35
x86_64,40,3.8,21.3,2.19
x86_64,39,3.7,19.1,2.35
x86_64,39,3.6,21.1,2.35
x86_64,39,3.5,20.3,2.12
x86_64,39,3.6,21.3,2.5
x86_64,38,3.6,18.1,2.35
aarch64,38,3.9,21.3,2.34
aarch64,38,3.10,22.3,2.26
x86_64,38,2.7,10.0,2.27
x86_64,38,2.7,18.0,2.31
armv7l,37,3.7,20.3,2.28
x86_64,37,3.11,22.2,2.35
x86_64,37,3.9,22.2,2.37
x86_64,37,3.7,22.3,2.33
x86_64,37,3.8,22.3,2.37
aarch64,37,3.10,21.2,2.31
x86_64,37,3.8,19.3,2.23
x86_64,37,3.7,20.3,2.35
aarch64,37,3.10,22.0,2.28
aarch64,36,3.7,21.1,2.31
x86_64,36,3.6,18.1,2.19
aarch64,36,3.9,21.0,2.17
x86_64,35,3.10,22.0,2.33
aarch64,35,3.7,22.2,2.26
aarch64,35,3.8,20.0,2.28
x86_64,35,3.9,20.3,2.36
x86_64,35,2.7,9.0,2.22
aarch64,34,3.7,20.2,2.28
x86_64,34,3.10,21.0,2.35
x86_64,34,3.9,20.2,2.19
x86_64,34,3.9,20.3,2.17
x86_64,34,3.9,21.3,2.33
x86_64,34,3.9,22.0,2.24
aarch64,33,3.11,22.2,2.31
x86_64,33,3.10,22.0,2.17
aarch64,33,3.9,21.1,2.28
x86_64,32,3.5,18.1,2.19
x86_64,32,3.6,20.1,2.19
x86_64,31,2.7,18.0,2.19
x86_64,31,3.6,21.2,2.36
x86_64,31,2.7,19.2,2.19
i686,31,3.7,23.0,2.17
x86_64,31,2.7,19.2,2.36
aarch64,31,3.8,22.2,2.31
x86_64,30,2.7,20.1,2.26
x86_64,29,3.11,21.1,2.36
x86_64,29,3.11,22.3,2.17
x86_64,29,3.9,22.1,2.23
x86_64,29,3.7,10.0,2.26
x86_64,29,3.12,23.0,2.31
aarch64,29,3.10,22.0,2.31
aarch64,29,3.11,23.0,2.37
x86_64,29,3.4,19.1,2.27
x86_64,29,3.9,21.3,2.36
x86_64,28,2.7,20.3,2.15
x86_64,28,3.5,19.3,2.31
x86_64,28,3.6,20.3,2.23
aarch64,28,3.9,23.0,2.17
x86_64,28,3.10,19.3,2.35
x86_64,28,3.7,19.3,2.15
x86_64,27,2.7,18.1,2.27
aarch64,27,3.8,20.2,2.28
x86_64,27,2.7,18.1,2.35
aarch64,27,3.7,21.0,2.26
x86_64,27,3.7,22.0,2.34
x86_64,27,3.9,21.3,2.23
x86_64,26,3.10,22.3,2.32
x86_64,26,2.7,20.3,2.32
x86_64,26,3.10,22.2,2.33
x86_64,26,3.10,22.3,2.23
x86_64,25,3.7,23.0,2.29
aarch64,25,3.8,21.3,2.27
aarch64,25,3.8,20.0,2.27
x86_64,25,3.8,22.2,2.23
x86_64,24,3.7,21.2,2.32
x86_64,24,3.8,19.2,2.35
x86_64,24,3.10,21.2,2.17
aarch64,24,3.8,22.2,2.17
x86_64,24,2.7,19.0,2.28
aarch64,24,3.11,22.3,2.36
x86_64,24,3.9,23.0,2.12
x86_64,23,3.6,19.0,2.31
x86_64,23,3.8,21.0,2.33
x86_64,23,3.8,20.0,2.17
s390x,23,3.9,23.0,2.28
x86_64,23,3.8,21.1,2.36
armv7l,22,3.9,20.3,2.31
x86_64,22,3.10,22.0,2.36
aarch64,22,3.7,21.2,2.28
x86_64,22,3.8,21.3,2.12
x86_64,22,2.7,20.3,2.34
i686,22,2.7,20.3,2.27
x86_64,22,2.7,19.1,2.30
x86_64,22,3.11,23.0,2.26
x86_64,22,3.5,10.0,2.35
aarch64,21,3.6,19.3,2.17
x86_64,21,3.10,21.1,2.31
x86_64,21,3.4,9.0,2.24
aarch64,21,3.9,21.2,2.34
x86_64,21,3.4,19.1,2.24
i686,21,3.9,20.3,2.31
x86_64,21,3.9,21.3,2.22
aarch64,21,3.10,22.2,2.28
x86_64,21,3.9,21.2,2.37
x86_64,21,3.10,22.1,2.36
x86_64,21,3.8,19.2,2.19
x86_64,21,3.8,20.0,2.35
x86_64,20,3.4,19.0,2.24
aarch64,20,3.8,21.2,2.28
aarch64,20,3.7,23.0,2.36
aarch64,20,3.7,22.2,2.31
armv7l,20,3.9,23.0,2.31
x86_64,20,3.9,21.1,2.37
aarch64,20,3.9,22.0,2.35
armv7l,19,3.9,22.3,2.31
x86_64,19,3.10,21.2,2.32
i686,19,3.9,23.0,2.17
aarch64,19,3.7,20.0,2.28
aarch64,19,3.7,22.2,2.28
x86_64,19,3.8,22.0,2.22
x86_64,19,3.5,20.3,2.35
x86_64,18,3.7,22.3,2.34
x86_64,18,3.5,19.0,2.27
x86_64,18,3.7,18.1,2.23
x86_64,18,3.11,21.1,2.37
x86_64,18,3.9,20.2,2.36
x86_64,18,3.8,20.0,2.24
aarch64,18,3.7,23.0,2.17
x86_64,18,2.7,18.0,2.24
x86_64,18,3.5,18.1,2.24
x86_64,18,2.7,19.1,2.31
x86_64,18,3.8,20.3,2.23
x86_64,18,3.11,21.3,2.36
x86_64,18,3.6,20.1,2.12
x86_64,18,3.6,21.3,2.33
aarch64,18,3.10,20.3,2.31
x86_64,18,3.10,21.0,2.31
x86_64,17,3.6,9.0,2.11
x86_64,17,3.10,21.2,2.33
x86_64,17,3.9,21.3,2.32
x86_64,17,3.6,20.2,2.11
x86_64,17,3.11,20.3,2.28
x86_64,17,3.6,20.0,2.19
x86_64,17,3.6,21.3,2.18
x86_64,17,3.4,19.1,2.19
x86_64,17,3.6,21.3,2.37
x86_64,17,3.6,19.3,2.19
i686,17,2.7,20.3,2.23
x86_64,17,3.11,23.0,2.23
aarch64,17,3.9,20.2,2.28
x86_64,16,3.8,20.2,2.37
x86_64,16,3.10,21.3,2.37
aarch64,16,3.7,22.1,2.31
x86_64,16,3.6,18.0,2.27
i686,16,3.8,23.0,2.17
x86_64,16,3.7,18.0,2.27
x86_64,16,3.5,19.3,2.28
x86_64,16,3.7,19.0,2.31
aarch64,16,3.6,21.1,2.27
i686,16,3.6,9.0,2.27
x86_64,16,3.8,22.0,2.32
i686,16,3.6,21.3,2.27
x86_64,16,3.6,20.1,2.26
x86_64,16,3.10,21.1,2.37
aarch64,16,3.7,22.3,2.27
x86_64,16,3.9,20.0,2.35
x86_64,15,3.8,23.0,2.32
x86_64,15,3.5,20.3,2.5
ppc64le,15,3.8,23.0,2.28
aarch64,15,3.9,22.3,2.35
x86_64,15,3.7,22.2,2.19
armv7l,15,3.7,23.0,2.28
x86_64,15,3.12,23.0,2.28
x86_64,15,3.8,19.2,2.36
x86_64,14,3.5,20.3,2.15
x86_64,14,3.6,9.0,2.33
i686,14,3.9,23.0,2.31
aarch64,14,3.6,20.2,2.27
x86_64,14,2.7,19.1,2.28
aarch64,14,3.9,21.0,2.31
aarch64,14,3.9,21.0,2.26
aarch64,14,3.10,23.0,2.26
x86_64,14,3.8,23.0,2.20-2014
x86_64,14,3.6,20.1,2.29
aarch64,13,3.8,21.3,2.31
x86_64,13,3.9,21.2,2.18
x86_64,13,3.6,20.1,2.35
x86_64,13,3.9,20.0,2.28
aarch64,13,3.10,22.3,2.36
aarch64,13,3.9,23.0,2.36
x86_64,13,2.7,20.3,2.11
x86_64,13,3.7,19.2,2.23
aarch64,13,3.9,22.1,2.31
x86_64,13,2.7,19.3,2.36
x86_64,13,3.9,20.3,2.23
aarch64,13,3.7,19.3,2.28
x86_64,12,3.6,20.2,2.26
x86_64,12,3.6,21.1,2.19
x86_64,12,3.6,9.0,2.25
x86_64,12,3.9,22.0,2.33
x86_64,12,3.6,19.3,2.29
x86_64,12,2.7,18.1,2.31
x86_64,12,3.6,21.2,2.34
x86_64,12,3.11,22.1,2.35
x86_64,12,3.9,21.3,2.37
x86_64,12,3.8,19.3,2.34
x86_64,12,2.7,10.0,2.24
x86_64,12,2.7,20.3,2.5
x86_64,12,3.8,19.3,2.26
x86_64,12,3.10,22.1,2.33
x86_64,12,3.10,21.0,2.27
x86_64,12,3.7,22.2,2.12
x86_64,12,3.10,22.2,2.26
x86_64,12,3.10,21.3,2.23
x86_64,12,3.11,22.2,2.27
aarch64,12,3.8,20.3,2.27
aarch64,12,3.10,23.0,2.17
aarch64,12,3.8,21.3,2.23
x86_64,12,3.10,21.1,2.28
x86_64,12,3.5,9.0,2.12
aarch64,12,3.11,22.3,2.35
i686,12,2.7,20.3,2.5
aarch64,11,3.9,21.0,2.28
x86_64,11,3.6,19.1,2.29
x86_64,11,3.8,22.2,2.22
x86_64,11,3.10,22.3,2.33
i686,11,2.7,9.0,2.24
aarch64,11,3.6,21.3,2.24
x86_64,11,3.8,23.0,2.15
aarch64,11,3.8,22.3,2.35
x86_64,11,2.7,19.0,2.29
x86_64,11,3.7,20.1,2.30
x86_64,11,3.9,20.0,2.27
x86_64,11,3.7,20.0,2.19
aarch64,11,3.9,20.0,2.31
aarch64,11,3.10,22.2,2.17
aarch64,11,3.8,21.1,2.27
x86_64,11,2.7,18.1,2.24
x86_64,11,3.8,21.2,2.24
aarch64,11,3.6,20.1,2.27
s390x,11,3.7,23.0,2.35
x86_64,11,3.6,18.1,2.36
x86_64,11,3.9,21.1,2.32
aarch64,11,3.8,22.3,2.27
x86_64,10,3.9,18.1,2.27
x86_64,10,2.7,20.3,2.33
aarch64,10,3.6,21.3,2.23
x86_64,10,3.5,18.0,2.31
x86_64,10,3.5,19.2,2.24
armv7l,10,3.7,20.2,2.31
x86_64,10,3.8,22.1,2.12
x86_64,10,3.5,18.1,2.28
x86_64,10,3.5,20.0,2.17
x86_64,10,3.10,20.2,2.28
aarch64,10,3.8,22.0,2.35
aarch64,10,3.9,22.3,2.27
x86_64,10,3.11,20.2,2.28
x86_64,10,3.9,22.2,2.22
x86_64,10,3.8,20.0,2.33
x86_64,10,2.7,20.3,2.25
x86_64,10,3.8,21.2,2.23
aarch64,10,3.7,21.3,2.28
x86_64,10,3.11,22.1,2.31
x86_64,10,3.7,18.0,2.24
x86_64,9,3.4,9.0,2.19
aarch64,9,3.7,22.2,2.17
aarch64,9,3.7,21.3,2.30
x86_64,9,2.7,20.1,2.19
x86_64,9,3.8,21.1,2.37
x86_64,9,3.9,10.0,2.31
x86_64,9,3.9,21.0,2.23
aarch64,9,3.9,22.2,2.17
x86_64,9,3.5,10.0,2.26
x86_64,9,3.8,22.1,2.34
x86_64,9,3.8,21.3,2.36
aarch64,9,3.7,22.0,2.35
x86_64,9,3.9,22.1,2.22
x86_64,9,3.6,21.3,2.15
aarch64,9,3.9,22.3,2.28
x86_64,9,3.11,21.3,2.35
x86_64,9,3.8,21.2,2.37
x86_64,9,3.4,19.0,2.19
x86_64,9,3.9,22.3,2.32
x86_64,9,3.9,21.1,2.24
aarch64,9,3.7,20.1,2.35
x86_64,9,3.6,18.0,2.17
x86_64,9,3.4,18.1,2.17
x86_64,9,3.5,10.0,2.27
x86_64,9,3.8,23.0,2.18
x86_64,9,3.5,20.2,2.31
x86_64,8,3.6,21.3,2.25
x86_64,8,2.7,19.1,2.26
s390x,8,3.8,23.0,2.28
aarch64,8,3.9,22.2,2.31
x86_64,8,3.9,21.3,2.11
x86_64,8,3.7,22.2,2.36
x86_64,8,3.9,20.0,2.36
x86_64,8,3.9,22.1,2.33
x86_64,8,3.6,9.0,2.30
aarch64,8,3.9,20.3,2.28
x86_64,8,3.10,21.3,2.34
x86_64,8,3.5,19.1,2.27
x86_64,8,3.10,21.1,2.34
x86_64,8,2.7,19.3,2.19
x86_64,8,3.8,22.2,2.12
x86_64,8,3.8,19.2,2.34
x86_64,8,3.9,22.2,2.12
x86_64,8,3.9,21.3,2.24
x86_64,8,3.7,21.3,2.29
x86_64,8,3.4,19.1,2.12
x86_64,8,3.9,19.3,2.17
aarch64,7,3.11,23.0,2.27
aarch64,7,3.9,22.2,2.27
x86_64,7,2.7,20.0,2.35
x86_64,7,2.7,19.1,2.34
x86_64,7,3.9,21.1,2.36
x86_64,7,3.7,10.0,2.35
i686,7,3.9,23.0,2.12
x86_64,7,3.10,20.3,2.28
x86_64,7,2.7,20.2,2.31
aarch64,7,3.10,21.3,2.35
x86_64,7,3.6,21.0,2.35
aarch64,7,2.7,20.3,2.36
x86_64,7,3.9,20.3,2.32
x86_64,7,3.8,23.0,2.11
aarch64,7,3.9,20.2,2.31
x86_64,7,3.11,20.3,2.36
x86_64,7,3.9,20.0,2.34
aarch64,7,3.8,22.1,2.27
x86_64,7,3.10,20.3,2.36
x86_64,7,2.7,10.0,2.35
x86_64,7,3.7,21.0,2.35
x86_64,7,2.7,20.1,2.12
x86_64,7,3.4,19.1,2.31
x86_64,7,3.6,9.0,2.35
x86_64,7,3.10,22.1,2.37
x86_64,7,3.5,9.0,2.31
x86_64,7,2.7,19.0,2.31
armv7l,6,3.10,23.0,2.35
aarch64,6,3.6,20.3,2.27
i686,6,3.6,21.3,2.5
aarch64,6,3.9,21.1,2.35
x86_64,6,3.7,22.3,2.32
aarch64,6,3.7,20.0,2.26
aarch64,6,3.11,22.0,2.35
x86_64,6,3.7,20.0,2.12
x86_64,6,3.7,19.2,2.35
aarch64,6,3.7,23.0,2.34
aarch64,6,3.12,23.0,2.28
i686,6,3.7,22.3,2.17
x86_64,6,3.7,20.1,2.37
x86_64,6,2.7,20.3,2.16
x86_64,6,3.9,22.2,2.32
i686,6,3.6,21.3,2.17
ppc64le,6,3.9,21.1,2.28
x86_64,6,3.7,20.0,2.30
x86_64,6,3.4,18.1,2.28
x86_64,6,3.7,20.1,2.22
x86_64,6,3.8,22.2,2.34
x86_64,6,2.7,19.3,2.18
x86_64,6,3.8,19.0,2.28
x86_64,6,3.9,22.2,2.33
x86_64,6,2.7,18.1,2.8
aarch64,6,3.10,22.3,2.27
x86_64,6,3.9,21.0,2.32
x86_64,6,3.7,20.1,2.36
x86_64,6,3.5,20.2,2.17
x86_64,6,2.7,10.0,2.21
x86_64,6,3.9,21.2,2.30
x86_64,6,3.4,9.0,2.12
i686,6,3.5,20.3,2.5
x86_64,6,3.6,18.1,2.12
s390x,6,3.9,21.1,2.28
x86_64,6,3.8,19.2,2.15
i686,6,3.7,23.0,2.12
i686,5,3.8,22.3,2.17
x86_64,5,3.7,19.2,2.37
aarch64,5,3.11,22.2,2.36
x86_64,5,3.8,10.0,2.31
aarch64,5,3.10,22.2,2.35
i686,5,3.5,20.3,2.24
aarch64,5,3.9,21.0,2.34
aarch64,5,3.8,20.2,2.27
x86_64,5,3.5,10.0,2.17
x86_64,5,3.10,20.3,2.37
aarch64,5,3.7,21.1,2.26
x86_64,5,3.7,19.2,2.32
x86_64,5,3.8,20.2,2.36
x86_64,5,3.6,19.1,2.31
x86_64,5,3.9,19.1,2.31
aarch64,5,3.9,21.3,2.31
aarch64,5,3.8,22.2,2.35
aarch64,5,3.7,22.1,2.28
x86_64,5,3.9,20.0,2.33
aarch64,5,3.9,23.0,2.33
armv7l,5,3.11,23.0,2.36
x86_64,5,3.5,9.0,2.35
armv7l,5,3.7,21.1,2.28
x86_64,5,3.6,21.0,2.26
aarch64,5,3.6,21.2,2.28
x86_64,5,3.8,20.3,2.24
aarch64,5,3.7,21.1,2.28
i686,5,2.7,9.0,2.27
aarch64,5,3.11,21.1,2.37
aarch64,4,3.8,19.3,2.17
x86_64,4,2.7,19.3,2.34
x86_64,4,2.7,8.1,2.29
x86_64,4,3.10,22.3,2.24
x86_64,4,3.6,20.2,2.19
x86_64,4,3.6,20.0,2.33
x86_64,4,3.4,19.1,2.22
x86_64,4,3.7,22.0,2.37
x86_64,4,3.8,20.1,2.36
aarch64,4,3.8,22.0,2.17
aarch64,4,3.8,22.3,2.28
x86_64,4,3.6,20.3,2.24
aarch64,4,3.11,23.0,2.17
x86_64,4,3.8,18.1,2.31
s390x,4,3.7,22.0,2.31
x86_64,4,3.8,21.0,2.32
x86_64,4,3.10,20.3,2.27
x86_64,4,3.7,21.2,2.18
i686,4,3.7,21.3,2.17
x86_64,4,2.7,10.0,2.26
aarch64,4,3.10,22.1,2.35
aarch64,4,3.8,23.0,2.36
x86_64,4,3.7,20.2,2.33
x86_64,4,2.7,8.1,2.4
i686,4,3.8,21.3,2.17
armv7l,4,3.7,20.2,2.28
x86_64,4,3.7,18.0,2.28
x86_64,4,3.7,19.3,2.29
aarch64,4,3.9,21.0,2.27
x86_64,4,3.8,23.0,2.30
x86_64,4,3.9,19.2,2.26
x86_64,4,3.11,23.0,2.33
aarch64,4,3.6,21.0,2.28
aarch64,4,3.9,21.3,2.26
x86_64,4,3.7,18.1,2.30
aarch64,4,3.9,21.2,2.33
i686,4,3.6,9.0,2.12
x86_64,4,3.11,23.0,2.22
x86_64,4,3.10,21.3,2.36
x86_64,4,3.7,21.2,2.37
x86_64,4,2.7,9.0,2.15
ppc64le,4,3.11,21.1,2.37
aarch64,4,3.9,22.0,2.17
x86_64,4,3.10,21.2,2.36
aarch64,4,3.7,21.2,2.31
aarch64,4,3.9,21.0,2.35
x86_64,4,3.7,21.1,2.34
x86_64,4,3.4,18.1,2.22
x86_64,4,3.6,21.2,2.18
s390x,4,3.11,21.1,2.37
i686,4,3.9,21.3,2.17
x86_64,3,3.7,18.0,2.31
x86_64,3,3.7,23.0,2.5
armv7l,3,3.7,22.0,2.28
x86_64,3,3.10,21.1,2.27
x86_64,3,3.10,21.2,2.18
aarch64,3,3.9,23.0,2.24
x86_64,3,3.11,22.3,2.26
x86_64,3,3.7,20.1,2.34
x86_64,3,3.9,19.2,2.31
x86_64,3,3.8,22.1,2.37
x86_64,3,3.9,20.3,2.19
x86_64,3,3.7,20.2,2.12
x86_64,3,3.4,18.1,2.19
x86_64,3,3.5,10.0,2.19
x86_64,3,3.7,21.1,2.30
x86_64,3,3.6,8.1,2.3
x86_64,3,3.11,23.0,2.32
x86_64,3,3.11,22.1,2.36
x86_64,3,3.8,19.0,2.31
x86_64,3,3.8,20.0,2.36
x86_64,3,3.8,23.0,2.5
x86_64,3,2.7,18.0,2.28
aarch64,3,3.7,22.0,2.17
aarch64,3,3.7,21.0,2.27
aarch64,3,3.6,21.2,2.24
aarch64,3,3.6,21.3,2.35
x86_64,3,3.11,22.2,2.28
x86_64,3,3.6,10.0,2.11
x86_64,3,3.12,22.3,2.28
aarch64,3,3.11,23.0,2.24
aarch64,3,3.8,23.0,2.23
x86_64,3,3.11,21.0,2.27
armv7l,3,3.7,22.0,2.31
aarch64,3,3.7,20.1,2.31
armv7l,3,3.8,23.0,2.31
x86_64,3,3.9,21.1,2.33
x86_64,3,2.7,20.2b1,2.24
aarch64,3,3.9,22.2,2.28
aarch64,3,3.7,21.3,2.27
aarch64,3,3.11,20.3,2.28
x86_64,3,3.10,21.1,2.36
x86_64,3,3.6,19.0,2.35
i686,3,3.8,23.0,2.5
x86_64,3,3.9,20.3,2.37
x86_64,3,3.9,22.3,2.12
x86_64,3,3.9,21.3,2.12
x86_64,3,3.8,22.3,2.18
x86_64,3,3.10,20.2,2.31
x86_64,3,3.7,22.3,2.12
aarch64,3,2.7,20.3,2.23
aarch64,3,3.10,22.1,2.31
x86_64,3,3.8,22.3,2.32
x86_64,3,3.10,23.0,2.30
i686,3,3.5,20.3,2.23
x86_64,3,2.7,19.3,2.11
i686,3,2.7,20.3,2.36
x86_64,3,2.7,20.2,2.19
x86_64,3,3.9,9.0,2.27
aarch64,3,3.6,20.0,2.27
aarch64,3,3.12,23.0,2.31
x86_64,3,3.9,23.0,2.18
x86_64,3,3.9,19.1,2.27
i686,3,2.7,20.3,2.31
x86_64,3,3.7,22.2,2.37
aarch64,3,2.7,20.3,2.26
x86_64,3,3.12,23.0,2.24
x86_64,3,3.7,21.2,2.36
x86_64,3,3.10,22.3,2.22
i686,3,3.7,23.0,2.5
i686,3,3.8,19.2,2.15
x86_64,2,3.7,21.3,2.18
x86_64,2,3.9,22.0,2.5
aarch64,2,3.10,21.2,2.36
aarch64,2,3.10,22.0,2.36
x86_64,2,3.8,21.2,2.36
x86_64,2,3.7,20.0,2.22
x86_64,2,3.9,20.1,2.36
x86_64,2,3.7,20.2,2.37
x86_64,2,3.7,22.1,2.5
x86_64,2,2.7,20.0,2.37
aarch64,2,3.7,21.3,2.17
x86_64,2,3.8,20.2,2.21
x86_64,2,3.11,21.2,2.36
x86_64,2,3.10,20.2,2.35
x86_64,2,3.8,22.1,2.36
x86_64,2,3.6,20.2b1,2.28
aarch64,2,3.8,21.1,2.32
armv7l,2,3.6,21.3,2.27
aarch64,2,3.9,21.1,2.34
x86_64,2,3.11,23.0,2.25
x86_64,2,3.7,8.1,2.26
x86_64,2,3.8,23.0,2.21
x86_64,2,3.8,19.2,2.37
x86_64,2,3.11,22.0,2.27
x86_64,2,3.7,20.2,2.19
x86_64,2,3.8,20.1,2.29
aarch64,2,3.7,22.0,2.24
aarch64,2,3.10,21.2,2.28
x86_64,2,2.7,19.2,2.34
x86_64,2,2.7,9.0,2.34
x86_64,2,3.7,18.1,2.29
x86_64,2,3.7,20.3,2.30
x86_64,2,3.7,21.1,2.37
x86_64,2,3.10,20.3,2.34
i686,2,3.5,9.0,2.24
aarch64,2,3.9,21.3,2.35
x86_64,2,3.12,23.0,2.36
x86_64,2,2.7,9.0,2.29
aarch64,2,3.7,21.0,2.28
aarch64,2,3.7,20.1,2.28
x86_64,2,3.9,22.1,2.12
x86_64,2,3.11,22.0,2.36
x86_64,2,2.7,20.2,2.36
x86_64,2,2.7,20.1,2.30
x86_64,2,3.8,9.0,2.26
aarch64,2,3.9,22.1,2.17
x86_64,2,3.8,22.1,2.33
x86_64,2,3.10,19.3,2.17
x86_64,2,3.9,19.3,2.28
x86_64,2,2.7,18.1,2.29
x86_64,2,3.7,21.3,2.12
x86_64,2,3.8,21.1,2.12
aarch64,2,3.8,21.0,2.28
x86_64,2,2.7,20.0,2.25
aarch64,2,3.8,23.0,2.34
x86_64,2,3.6,21.2,2.33
x86_64,2,2.7,8.1,2.15
aarch64,2,3.10,22.2,2.27
x86_64,2,3.6,9.0,2.32
x86_64,2,3.6,20.3,2.26
x86_64,2,3.10,20.0,2.31
aarch64,2,3.10,23.0,2.34
x86_64,2,3.9,20.2,2.34
x86_64,2,3.11,22.3,2.19
x86_64,2,3.8,19.3,2.12
x86_64,2,3.9,22.1,2.5
x86_64,2,3.7,19.0,2.35
x86_64,2,3.8,22.1,2.5
x86_64,2,3.11,20.0,2.36
x86_64,2,3.9,20.1,2.35
x86_64,2,3.8,20.3,2.21
x86_64,2,3.6,20.1,2.30
x86_64,2,3.8,20.1,2.12
x86_64,2,3.6,18.1,2.37
aarch64,2,3.5,20.2,2.31
x86_64,2,3.8,18.1,2.30
aarch64,2,3.9,20.3,2.33
x86_64,2,3.6,21.2,2.30
i686,1,3.8,23.0,2.23
x86_64,1,3.11,20.0,2.35
aarch64,1,3.6,20.2,2.31
armv7l,1,3.9,22.0,2.31
x86_64,1,3.7,18.0,2.23
i686,1,3.9,22.3,2.17
i686,1,3.6,19.3,2.27
aarch64,1,3.6,20.1,2.28
aarch64,1,3.8,22.2,2.28
x86_64,1,3.7,22.3,2.21
i686,1,3.9,22.3,2.31
aarch64,1,3.9,21.2,2.17
aarch64,1,3.11,23.0,2.26
x86_64,1,3.5,20.3,2.26
ppc64le,1,3.9,22.2,2.28
x86_64,1,3.6,9.0,2.18
aarch64,1,3.5,20.3,2.24
x86_64,1,3.9,18.1,2.31
x86_64,1,3.7,21.2,2.12
x86_64,1,3.8,20.2,2.18
aarch64,1,3.10,22.1,2.33
x86_64,1,3.7,20.0,2.5
aarch64,1,3.7,21.1,2.27
aarch64,1,3.10,23.0,2.20-2014
i686,1,3.10,23.0,2.31
aarch64,1,3.7,21.0,2.35
x86_64,1,3.6,21.3,2.21
ppc64le,1,3.6,20.0,2.27
x86_64,1,3.11,20.3,2.27
x86_64,1,3.6,20.0,2.5
x86_64,1,3.8,20.0,2.5
x86_64,1,3.8,22.0,2.33
i686,1,2.7,8.1,2.7
x86_64,1,3.9,21.2,2.21
x86_64,1,3.9,20.0,2.17
x86_64,1,3.5,20.3,2.36
aarch64,1,3.8,21.1,2.35
armv7l,1,3.9,22.1,2.31
x86_64,1,3.8,21.0,2.36
x86_64,1,3.11,21.3,2.37
x86_64,1,3.6,20.2,2.37
x86_64,1,3.6,21.3,2.32
x86_64,1,3.7,22.3,2.19
s390x,1,3.8,23.0,2.31
x86_64,1,3.7,22.0,2.33
aarch64,1,3.8,22.0,2.34
x86_64,1,3.8,19.2,2.13
i686,1,3.6,18.1,2.28
x86_64,1,3.7,10.0,2.23
aarch64,1,2.7,20.3,2.35
armv7l,1,3.8,20.0,2.31
aarch64,1,3.7,22.3,2.34
aarch64,1,3.10,22.3,2.23
x86_64,1,3.6,8.1,2.17
x86_64,1,3.6,9.0,2.37
x86_64,1,3.7,22.2,2.18
x86_64,1,3.9,21.2,2.12
x86_64,1,3.11,20.3,2.37
x86_64,1,3.7,22.0,2.19
x86_64,1,2.7,20.3,2.18
i686,1,3.8,21.1,2.12
x86_64,1,3.7,8.1,2.17
x86_64,1,3.11,22.2,2.37
aarch64,1,3.7,22.1,2.17
aarch64,1,3.9,21.2,2.23
x86_64,1,3.7,19.0,2.29
aarch64,1,3.11,22.3,2.17
i686,1,3.6,9.0,2.17
armv7l,1,3.8,23.0,2.24
x86_64,1,3.5,19.1,2.17
s390x,1,3.7,23.0,2.34
aarch64,1,3.8,21.1,2.17
x86_64,1,3.6,20.0,2.22
x86_64,1,3.10,21.3,2.33
x86_64,1,3.7,20.0,2.37
x86_64,1,3.8,19.2,2.23
aarch64,1,3.7,22.0,2.34
aarch64,1,3.7,21.2,2.24
x86_64,1,3.7,22.2,2.32
armv7l,1,3.9,23.0,2.35
x86_64,1,3.7,21.2,2.19
i686,1,3.10,22.3,2.36
x86_64,1,3.8,22.2,2.37
aarch64,1,3.11,22.3,2.34
x86_64,1,3.8,21.3,2.37
x86_64,1,3.7,9.0,2.17
aarch64,1,3.7,23.0,2.29
x86_64,1,3.10,23.0,2.18
aarch64,1,2.7,20.3,2.27
i686,1,3.7,22.2,2.12
x86_64,1,3.7,22.2,2.34
x86_64,1,3.10,23.1,2.37
x86_64,1,3.7,22.2,2.29
x86_64,1,3.10,20.3,2.33
i686,1,3.10,22.2,2.36
i686,1,3.5,19.0,2.19
i686,1,2.7,19.1,2.27
x86_64,1,3.9,18.1,2.17
aarch64,1,3.11,22.3,2.37
aarch64,1,3.10,21.2,2.35
x86_64,1,3.11,22.3,2.23
x86_64,1,3.9,22.1,2.37
x86_64,1,3.9,22.1,2.36
armv7l,1,3.10,22.0,2.35
x86_64,1,3.10,20.0,2.27
aarch64,1,3.6,21.1,2.17
x86_64,1,3.4,18.1,2.23
x86_64,1,3.7,21.1,2.33
x86_64,1,3.7,21.3,2.34
x86_64,1,3.9,21.2,2.19
x86_64,1,3.10,23.0,2.20-2014
x86_64,1,3.8,20.2,2.20-2014
i686,1,3.9,22.0,2.27
ppc64le,1,3.9,21.2,2.28
x86_64,1,3.7,20.2,2.36
x86_64,1,3.10,20.0,2.37
x86_64,1,3.8,21.3,2.20-2014
s390x,1,3.9,23.0,2.31
x86_64,1,3.7,20.2,2.32
x86_64,1,3.6,21.3,2.13
x86_64,1,3.11,22.3,2.24
i686,1,3.9,22.2,2.12
x86_64,1,3.8,20.3,2.29
ppc64le,1,3.9,21.1,2.34
i686,1,3.9,22.0,2.31
x86_64,1,3.5,19.3,2.27
x86_64,1,2.7,19.3,2.12
x86_64,1,3.9,20.0,2.26
x86_64,1,2.7,19.1,2.24
x86_64,1,3.8,18.0,2.28
x86_64,1,3.11,21.0,2.36
i686,1,3.8,22.2,2.12
i686,1,3.5,18.1,2.23
s390x,1,3.9,21.1,2.34
x86_64,1,3.7,21.0,2.36
i686,1,3.9,21.2,2.12
aarch64,1,3.6,21.0,2.27
aarch64,1,3.10,22.2,2.33
x86_64,1,3.4,10.0,2.19
x86_64,1,3.9,19.2,2.24
i686,1,3.5,8.1,2.9
aarch64,1,3.11,23.0,2.34
x86_64,1,3.7,20.1,2.12
aarch64,1,3.8,21.0,2.23
armv7l,1,3.11,23.0,2.37
x86_64,1,3.8,21.2,2.12
aarch64,1,3.10,23.0,2.37
i686,1,3.7,23.0,2.14
armv7l,1,3.10,22.3,2.35
aarch64,1,3.8,22.3,2.32
x86_64,1,3.7,20.0,2.18
x86_64,1,3.10,21.3,2.17
x86_64,1,3.7,19.1,2.34
s390x,1,3.6,21.3,2.28
armv7l,1,3.11,22.3,2.36
x86_64,1,2.7,9.0,2.18
aarch64,1,3.10,23.0,2.24
i686,1,2.7,18.1,2.28
x86_64,1,3.5,20.0,2.5
i686,1,3.7,20.1,2.12
x86_64,1,3.9,20.3,2.12
i686,1,3.7,18.1,2.28
x86_64,1,3.6,21.2,2.19
x86_64,1,3.7,21.2,2.33
x86_64,1,3.7,22.0,2.29
i686,1,3.11,23.0,2.36
armv7l,1,3.8,22.0,2.28
aarch64,1,3.11,22.3,2.27
